-189.82  -139.07  1169.87  1.95  2.22  0.21
-192.54  -124.32  1248.17  1.82  2.20  -0.12
115.34  -90.28  1212.48  1.39  2.70  -0.22
-28.16  98.14  1128.10  1.04  2.75  -0.43
-106.29  61.51  1196.73  1.64  2.15  -0.60
-162.70  -62.42  981.05  1.89  2.07  -0.16
-280.97  71.88  1438.93  1.47  2.21  -0.70
-71.59  130.43  1408.07  1.36  2.32  -0.74
139.75  122.19  1424.79  1.39  2.30  -0.73
256.23  227.52  1350.57  1.04  2.55  -0.81
-25.30  118.65  1416.30  1.53  2.17  -0.69
-61.35  -242.92  1424.49  1.94  2.19  -0.34
-36.93  -255.72  1201.93  -1.67  -2.53  0.15
-275.13  -208.44  1427.22  2.00  1.84  -0.25
-407.60  -57.54  1376.79  1.55  2.20  -0.41
-156.32  13.04  1258.71  1.16  2.72  -0.51
-129.20  -134.49  1130.74  1.50  2.42  -0.44
-67.09  -324.21  1083.84  1.89  2.41  -0.08
98.95  -287.89  1189.68  -1.81  -2.47  0.05
308.69  -189.49  1110.19  -1.60  -2.49  0.25
84.46  -96.58  1078.00  -1.41  -2.56  0.47
71.61  -25.85  1056.23  1.73  2.34  -0.46
44.00  90.50  1446.56  1.46  2.25  -0.70
-143.21  22.33  1488.41  1.46  2.25  -0.70
