73.34  85.38  1400.29  2.10  1.45  -0.45
-67.16  155.56  1348.26  2.08  1.48  -0.46
-182.72  129.29  1364.81  2.11  1.43  -0.44
11.08  57.36  1425.96  1.97  1.66  -0.52
68.92  213.37  1305.48  2.33  0.96  -0.29
-107.14  254.06  1273.15  2.13  1.38  -0.43
-267.75  44.43  1207.38  2.18  1.47  -0.43
-175.46  -217.29  1292.23  2.21  1.70  -0.24
-12.42  -320.08  1325.06  1.96  1.87  0.17
-71.60  -78.28  1073.33  2.16  1.81  0.09
57.12  31.86  935.92  2.04  1.84  0.06
-115.69  3.75  1004.01  -2.41  -1.55  0.81
-134.27  -24.86  1119.95  1.99  1.40  0.22
-48.87  -96.27  1074.01  -2.11  -2.02  -0.25
50.44  -53.28  1105.74  -2.08  -2.21  0.15
24.91  100.05  1298.50  1.97  1.67  -0.66
-179.94  101.45  1207.07  2.09  1.46  -0.38
-99.78  118.67  1007.21  2.21  1.39  -0.50
-64.42  14.42  776.20  2.39  1.71  -0.13
-77.29  -152.48  1336.20  2.26  1.67  -0.12
2.74  132.69  1370.56  2.10  1.45  -0.44
-71.10  141.28  1301.31  2.11  1.13  -0.78
-39.25  -4.71  1189.74  2.30  1.76  0.03
21.83  72.01  1370.25  2.15  1.54  -0.44
-9.44  64.37  1419.66  2.11  1.45  -0.44
-196.60  123.32  1370.03  2.11  1.44  -0.44
